0,350,130,35
0,361,127,35
0,365,126,35
0,372,124,35
0,376,123,35
0,380,122,35
0,384,121,35
0,388,120,35
0,392,119,35
0,396,118,35
0,400,117,35
0,405,116,35
0,409,115,35
0,414,114,35
0,418,113,35
0,423,112,35
0,432,110,35
1,346,130,35
1,353,128,35
1,360,126,35
1,371,123,35
1,375,122,35
1,379,121,35
1,383,120,35
1,387,119,35
1,391,118,35
1,400,116,35
1,404,115,35
1,409,114,35
1,413,113,35
1,418,112,35
1,422,111,35
1,427,110,35
1,432,109,35
2,352,127,35
2,363,124,35
2,367,123,35
2,378,120,35
2,382,119,35
2,391,117,35
2,395,116,35
2,399,115,35
2,404,114,35
2,408,113,35
2,413,112,35
2,417,111,35
2,422,110,35
2,427,109,35
3,337,130,35
3,344,128,35
3,348,127,35
3,351,126,35
3,362,123,35
3,366,122,35
3,370,121,35
3,374,120,35
3,378,119,35
3,382,118,35
3,386,117,35
3,390,116,35
3,394,115,35
3,399,114,35
3,403,113,35
3,408,112,35
3,412,111,35
3,417,110,35
3,422,109,35
3,426,108,35
3,431,107,35
4,333,130,35
4,340,128,35
4,343,127,35
4,347,126,35
4,354,124,35
4,358,123,35
4,365,121,35
4,369,120,35
4,373,119,35
4,377,118,35
4,381,117,35
4,385,116,35
4,394,114,35
4,398,113,35
4,403,112,35
4,407,111,35
4,412,110,35
4,417,109,35
4,421,108,35
4,426,107,35
4,431,106,35
5,329,130,35
5,336,128,35
5,339,127,35
5,350,124,35
5,357,122,35
5,361,121,35
5,365,120,35
5,369,119,35
5,373,118,35
5,377,117,35
5,381,116,35
5,385,115,35
5,389,114,35
5,398,112,35
5,402,111,35
5,407,110,35
5,412,109,35
5,416,108,35
5,421,107,35
5,426,106,35
5,431,105,35
6,325,130,35
6,335,127,35
6,349,123,35
6,353,122,35
6,360,120,35
6,364,119,35
6,368,118,35
6,372,117,35
6,376,116,35
6,380,115,35
6,389,113,35
6,393,112,35
6,398,111,35
6,402,110,35
6,407,109,35
6,416,107,35
6,421,106,35
6,426,105,35
6,431,104,35
7,321,130,35
7,331,127,35
7,334,126,35
7,341,124,35
7,345,123,35
7,352,121,35
7,356,120,35
7,360,119,35
7,364,118,35
7,368,117,35
7,372,116,35
7,376,115,35
7,380,114,35
7,384,113,35
7,389,112,35
7,393,111,35
7,402,109,35
7,407,108,35
7,416,106,35
7,421,105,35
7,426,104,35
7,431,103,35
8,317,130,35
8,327,127,35
8,330,126,35
8,337,124,35
8,341,123,35
8,348,121,35
8,352,120,35
8,356,119,35
8,363,117,35
8,376,114,35
8,380,113,35
8,384,112,35
8,393,110,35
8,397,109,35
8,402,108,35
8,407,107,35
8,416,105,35
8,421,104,35
8,426,103,35
9,313,130,35
9,320,128,35
9,323,127,35
9,326,126,35
9,333,124,35
9,337,123,35
9,340,122,35
9,344,121,35
9,348,120,35
9,355,118,35
9,359,117,35
9,363,116,35
9,367,115,35
9,371,114,35
9,375,113,35
9,380,112,35
9,384,111,35
9,388,110,35
9,393,109,35
9,397,108,35
9,402,107,35
9,407,106,35
9,412,105,35
9,422,103,35
10,316,128,35
10,319,127,35
10,329,124,35
10,333,123,35
10,336,122,35
10,340,121,35
10,347,119,35
10,351,118,35
10,355,117,35
10,359,116,35
10,363,115,35
10,367,114,35
10,371,113,35
10,375,112,35
10,384,110,35
10,388,109,35
10,393,108,35
10,402,106,35
10,407,105,35
10,412,104,35
10,417,103,35
10,432,100,35
11,306,130,35
11,312,128,35
11,319,126,35
11,329,123,35
11,336,121,35
11,343,119,35
11,347,118,35
11,351,117,35
11,355,116,35
11,359,115,35
11,363,114,35
11,367,113,35
11,371,112,35
11,375,111,35
11,384,109,35
11,393,107,35
11,398,106,35
11,402,105,35
11,407,104,35
11,412,103,35
12,302,130,35
12,312,127,35
12,315,126,35
12,325,123,35
12,332,121,35
12,336,120,35
12,339,119,35
12,343,118,35
12,347,117,35
12,351,116,35
12,359,114,35
12,363,113,35
12,367,112,35
12,371,111,35
12,375,110,35
12,380,109,35
12,384,108,35
12,389,107,35
12,393,106,35
12,398,105,35
12,403,104,35
12,408,103,35
12,423,100,35
13,305,128,35
13,308,127,35
13,311,126,35
13,318,124,35
13,321,123,35
13,325,122,35
13,328,121,35
13,332,120,35
13,339,118,35
13,343,117,35
13,347,116,35
13,363,112,35
13,367,111,35
13,371,110,35
13,375,109,35
13,380,108,35
13,384,107,35
13,389,106,35
13,398,104,35
13,403,103,35
13,418,100,35
14,295,130,35
14,301,128,35
14,314,124,35
14,321,122,35
14,328,120,35
14,332,119,35
14,335,118,35
14,339,117,35
14,343,116,35
14,347,115,35
14,359,112,35
14,363,111,35
14,367,110,35
14,371,109,35
14,380,107,35
14,389,105,35
14,394,104,35
14,399,103,35
14,414,100,35
15,298,128,35
15,301,127,35
15,304,126,35
15,314,123,35
15,321,121,35
15,324,120,35
15,328,119,35
15,335,117,35
15,339,116,35
15,343,115,35
15,347,114,35
15,355,112,35
15,359,111,35
15,363,110,35
15,367,109,35
15,376,107,35
15,380,106,35
15,385,105,35
15,394,103,35
15,409,100,35
16,288,130,35
16,307,124,35
16,314,122,35
16,317,121,35
16,321,120,35
16,324,119,35
16,328,118,35
16,335,116,35
16,339,115,35
16,343,114,35
16,347,113,35
16,351,112,35
16,355,111,35
16,359,110,35
16,363,109,35
16,367,108,35
16,372,107,35
16,376,106,35
16,381,105,35
16,385,104,35
16,390,103,35
16,405,100,35
17,285,130,35
17,291,128,35
17,294,127,35
17,297,126,35
17,307,123,35
17,310,122,35
17,317,120,35
17,324,118,35
17,328,117,35
17,335,115,35
17,339,114,35
17,343,113,35
17,347,112,35
17,351,111,35
17,355,110,35
17,359,109,35
17,363,108,35
17,368,107,35
17,372,106,35
17,377,105,35
17,381,104,35
17,386,103,35
17,400,100,35
18,282,130,35
18,288,128,35
18,291,127,35
18,294,126,35
18,300,124,35
18,307,122,35
18,310,121,35
18,317,119,35
18,324,117,35
18,328,116,35
18,335,114,35
18,339,113,35
18,343,112,35
18,347,111,35
18,351,110,35
18,355,109,35
18,364,107,35
18,368,106,35
18,377,104,35
18,382,103,35
18,396,100,35
18,434,130,25
19,297,124,35
19,300,123,35
19,310,120,35
19,317,118,35
19,324,116,35
19,328,115,35
19,332,114,35
19,339,112,35
19,343,111,35
19,347,110,35
19,360,107,35
19,364,106,35
19,373,104,35
19,378,103,35
19,392,100,35
19,430,130,25
20,275,130,35
20,281,128,35
20,284,127,35
20,287,126,35
20,297,123,35
20,300,122,35
20,303,121,35
20,310,119,35
20,317,117,35
20,324,115,35
20,328,114,35
20,332,113,35
20,336,112,35
20,348,109,35
20,352,108,35
20,356,107,35
20,360,106,35
20,365,105,35
20,369,104,35
20,374,103,35
20,388,100,35
20,425,130,25
21,272,130,35
21,278,128,35
21,281,127,35
21,284,126,35
21,290,124,35
21,297,122,35
21,300,121,35
21,303,120,35
21,307,119,35
21,310,118,35
21,317,116,35
21,321,115,35
21,328,113,35
21,332,112,35
21,336,111,35
21,340,110,35
21,344,109,35
21,348,108,35
21,352,107,35
21,361,105,35
21,365,104,35
21,370,103,35
21,384,100,35
21,421,130,25
21,429,128,25
21,433,127,25
22,269,130,35
22,275,128,35
22,278,127,35
22,281,126,35
22,287,124,35
22,290,123,35
22,300,120,35
22,303,119,35
22,307,118,35
22,310,117,35
22,314,116,35
22,317,115,35
22,321,114,35
22,325,113,35
22,336,110,35
22,340,109,35
22,353,106,35
22,357,105,35
22,366,103,35
22,380,100,35
22,417,130,25
22,425,128,25
22,429,127,25
22,433,126,25
23,266,130,35
23,272,128,35
23,275,127,35
23,278,126,35
23,284,124,35
23,287,123,35
23,290,122,35
23,297,120,35
23,300,119,35
23,307,117,35
23,314,115,35
23,321,113,35
23,325,112,35
23,329,111,35
23,333,110,35
23,337,109,35
23,341,108,35
23,345,107,35
23,349,106,35
23,358,104,35
23,362,103,35
23,376,100,35
23,429,126,25
24,263,130,35
24,269,128,35
24,272,127,35
24,275,126,35
24,281,124,35
24,284,123,35
24,287,122,35
24,290,121,35
24,297,119,35
24,300,118,35
24,307,116,35
24,314,114,35
24,318,113,35
24,322,112,35
24,329,110,35
24,333,109,35
24,337,108,35
24,341,107,35
24,350,105,35
24,354,104,35
24,372,100,35
24,433,124,25
25,260,130,35
25,266,128,35
25,269,127,35
25,272,126,35
25,278,124,35
25,281,123,35
25,284,122,35
25,287,121,35
25,290,120,35
25,297,118,35
25,300,117,35
25,304,116,35
25,307,115,35
25,311,114,35
25,318,112,35
25,322,111,35
25,326,110,35
25,330,109,35
25,334,108,35
25,338,107,35
25,342,106,35
25,346,105,35
25,350,104,35
25,355,103,35
25,368,100,35
25,404,130,25
25,412,128,25
25,416,127,25
25,420,126,25
25,429,124,25
25,433,123,25
26,263,128,35
26,266,127,35
26,269,126,35
26,275,124,35
26,278,123,35
26,281,122,35
26,284,121,35
26,287,120,35
26,294,118,35
26,297,117,35
26,304,115,35
26,308,114,35
26,311,113,35
26,315,112,35
26,319,111,35
26,326,109,35
26,330,108,35
26,334,107,35
26,347,104,35
26,351,103,35
26,365,100,35
26,400,130,25
26,408,128,25
26,412,127,25
26,416,126,25
26,429,123,25
26,433,122,25
27,260,128,35
27,263,127,35
27,266,126,35
27,272,124,35
27,275,123,35
27,278,122,35
27,281,121,35
27,284,120,35
27,291,118,35
27,294,117,35
27,301,115,35
27,308,113,35
27,312,112,35
27,319,110,35
27,323,109,35
27,327,108,35
27,331,107,35
27,335,106,35
27,339,105,35
27,343,104,35
27,348,103,35
27,361,100,35
27,404,128,25
27,408,127,25
27,412,126,25
27,429,122,25
27,433,121,25
28,252,130,35
28,260,127,35
28,263,126,35
28,269,124,35
28,272,123,35
28,275,122,35
28,278,121,35
28,281,120,35
28,288,118,35
28,291,117,35
28,298,115,35
28,301,114,35
28,305,113,35
28,312,111,35
28,316,110,35
28,320,109,35
28,336,105,35
28,340,104,35
28,344,103,35
28,400,128,25
28,404,127,25
28,408,126,25
28,425,122,25
28,429,121,25
29,249,130,35
29,260,126,35
29,266,124,35
29,269,123,35
29,272,122,35
29,275,121,35
29,278,120,35
29,285,118,35
29,288,117,35
29,295,115,35
29,298,114,35
29,302,113,35
29,305,112,35
29,309,111,35
29,313,110,35
29,320,108,35
29,324,107,35
29,328,106,35
29,332,105,35
29,341,103,35
29,354,100,35
29,400,127,25
29,404,126,25
29,421,122,25
29,425,121,25
29,434,119,25
30,252,128,35
30,263,124,35
30,266,123,35
30,269,122,35
30,272,121,35
30,275,120,35
30,282,118,35
30,285,117,35
30,288,116,35
30,295,114,35
30,302,112,35
30,306,111,35
30,313,109,35
30,317,108,35
30,321,107,35
30,325,106,35
30,329,105,35
30,333,104,35
30,337,103,35
30,350,100,35
30,385,130,25
30,400,126,25
30,417,122,25
30,421,121,25
30,425,120,25
30,430,119,25
30,434,118,25
31,244,130,35
31,249,128,35
31,252,127,35
31,255,126,35
31,279,118,35
31,282,117,35
31,289,115,35
31,292,114,35
31,299,112,35
31,303,111,35
31,310,109,35
31,314,108,35
31,318,107,35
31,322,106,35
31,326,105,35
31,330,104,35
31,334,103,35
31,347,100,35
31,381,130,25
31,389,128,25
31,413,122,25
31,417,121,25
31,421,120,25
31,426,119,25
31,430,118,25
31,435,117,25
32,241,130,35
32,252,126,35
32,258,124,35
32,273,119,35
32,276,118,35
32,279,117,35
32,286,115,35
32,289,114,35
32,296,112,35
32,303,110,35
32,307,109,35
32,311,108,35
32,331,103,35
32,385,128,25
32,389,127,25
32,393,126,25
32,405,123,25
32,409,122,25
32,413,121,25
32,422,119,25
32,426,118,25
32,435,116,25
33,244,128,35
33,255,124,35
33,258,123,35
33,261,122,35
33,264,121,35
33,267,120,35
33,270,119,35
33,273,118,35
33,276,117,35
33,283,115,35
33,286,114,35
33,293,112,35
33,300,110,35
33,304,109,35
33,315,106,35
33,319,105,35
33,323,104,35
33,340,100,35
33,374,130,25
33,385,127,25
33,389,126,25
33,397,124,25
33,401,123,25
33,405,122,25
33,409,121,25
33,418,119,25
33,422,118,25
33,431,116,25
34,236,130,35
34,244,127,35
34,247,126,35
34,255,123,35
34,258,122,35
34,261,121,35
34,264,120,35
34,267,119,35
34,270,118,35
34,277,116,35
34,280,115,35
34,283,114,35
34,287,113,35
34,290,112,35
34,294,111,35
34,297,110,35
34,301,109,35
34,312,106,35
34,316,105,35
34,320,104,35
34,324,103,35
34,337,100,35
34,378,128,25
34,393,124,25
34,397,123,25
34,414,119,25
34,418,118,25
34,423,117,25
34,427,116,25
34,432,115,25
35,239,128,35
35,244,126,35
35,250,124,35
35,271,117,35
35,274,116,35
35,277,115,35
35,284,113,35
35,287,112,35
35,291,111,35
35,294,110,35
35,298,109,35
35,309,106,35
35,313,105,35
35,317,104,35
35,321,103,35
35,334,100,35
35,367,130,25
35,374,128,25
35,378,127,25
35,382,126,25
35,406,120,25
35,410,119,25
35,419,117,25
35,428,115,25
36,231,130,35
36,239,127,35
36,247,124,35
36,250,123,35
36,253,122,35
36,256,121,35
36,259,120,35
36,262,119,35
36,265,118,35
36,268,117,35
36,271,116,35
36,278,114,35
36,281,113,35
36,288,111,35
36,295,109,35
36,306,106,35
36,310,105,35
36,314,104,35
36,318,103,35
36,371,128,25
36,378,126,25
36,386,124,25
36,390,123,25
36,394,122,25
36,398,121,25
36,402,120,25
36,411,118,25
36,415,117,25
36,424,115,25
36,433,113,25
37,229,130,35
37,234,128,35
37,239,126,35
37,253,121,35
37,256,120,35
37,259,119,35
37,262,118,35
37,265,117,35
37,275,114,35
37,278,113,35
37,285,111,35
37,292,109,35
37,296,108,35
37,303,106,35
37,307,105,35
37,311,104,35
37,315,103,35
37,360,130,25
37,371,127,25
37,375,126,25
37,407,118,25
37,411,117,25
37,420,115,25
37,425,114,25
37,434,112,25
38,234,127,35
38,237,126,35
38,242,124,35
38,245,123,35
38,248,122,35
38,266,116,35
38,269,115,35
38,272,114,35
38,279,112,35
38,282,111,35
38,286,110,35
38,289,109,35
38,293,108,35
38,300,106,35
38,304,105,35
38,308,104,35
38,312,103,35
38,324,100,35
38,357,130,25
38,364,128,25
38,379,124,25
38,383,123,25
38,387,122,25
38,391,121,25
38,395,120,25
38,399,119,25
38,403,118,25
38,412,116,25
38,421,114,25
38,430,112,25
38,435,111,25
39,224,130,35
39,229,128,35
39,232,127,35
39,248,121,35
39,251,120,35
39,254,119,35
39,257,118,35
39,260,117,35
39,263,116,35
39,266,115,35
39,273,113,35
39,276,112,35
39,283,110,35
39,290,108,35
39,294,107,35
39,301,105,35
39,305,104,35
39,309,103,35
39,321,100,35
39,364,127,25
39,368,126,25
39,387,121,25
39,404,117,25
39,408,116,25
39,413,115,25
39,417,114,25
39,422,113,25
39,431,111,25
40,227,128,35
40,232,126,35
40,237,124,35
40,240,123,35
40,243,122,35
40,267,114,35
40,270,113,35
40,277,111,35
40,280,110,35
40,284,109,35
40,287,108,35
40,291,107,35
40,298,105,35
40,302,104,35
40,306,103,35
40,318,100,35
40,350,130,25
40,361,127,25
40,372,124,25
40,376,123,25
40,380,122,25
40,384,121,25
40,388,120,25
40,392,119,25
40,396,118,25
40,400,117,25
40,409,115,25
40,418,113,25
40,432,110,25
41,227,127,35
41,235,124,35
41,243,121,35
41,246,120,35
41,249,119,35
41,252,118,35
41,255,117,35
41,258,116,35
41,261,115,35
41,264,114,35
41,271,112,35
41,274,111,35
41,281,109,35
41,288,107,35
41,292,106,35
41,299,104,35
41,303,103,35
41,315,100,35
41,347,130,25
41,354,128,25
41,361,126,25
41,369,124,25
41,397,117,25
41,401,116,25
41,410,114,25
41,419,112,25
41,433,109,25
42,217,130,35
42,222,128,35
42,227,126,35
42,235,123,35
42,238,122,35
42,241,121,35
42,262,114,35
42,265,113,35
42,268,112,35
42,275,110,35
42,278,109,35
42,282,108,35
42,289,106,35
42,293,105,35
42,300,103,35
42,312,100,35
42,344,130,25
42,351,128,25
42,358,126,25
42,369,123,25
42,373,122,25
42,377,121,25
42,381,120,25
42,385,119,25
42,389,118,25
42,393,117,25
42,402,115,25
42,406,114,25
42,411,113,25
42,415,112,25
42,420,111,25
43,215,130,35
43,220,128,35
43,225,126,35
43,230,124,35
43,233,123,35
43,241,120,35
43,244,119,35
43,247,118,35
43,250,117,35
43,253,116,35
43,256,115,35
43,259,114,35
43,269,111,35
43,272,110,35
43,276,109,35
43,279,108,35
43,283,107,35
43,286,106,35
43,290,105,35
43,294,104,35
43,341,130,25
43,348,128,25
43,351,127,25
43,355,126,25
43,362,124,25
43,366,123,25
43,370,122,25
43,386,118,25
43,390,117,25
43,394,116,25
43,403,114,25
43,407,113,25
43,412,112,25
43,421,110,25
43,426,109,25
44,213,130,35
44,220,127,35
44,228,124,35
44,236,121,35
44,239,120,35
44,242,119,35
44,257,114,35
44,260,113,35
44,263,112,35
44,273,109,35
44,280,107,35
44,287,105,35
44,291,104,35
44,295,103,35
44,338,130,25
44,348,127,25
44,359,124,25
44,374,120,25
44,378,119,25
44,395,115,25
44,399,114,25
44,408,112,25
44,413,111,25
44,422,109,25
44,427,108,25
44,432,107,25
45,218,127,35
45,231,122,35
45,242,118,35
45,245,117,35
45,248,116,35
45,251,115,35
45,254,114,35
45,264,111,35
45,267,110,35
45,274,108,35
45,281,106,35
45,288,104,35
45,292,103,35
45,304,100,35
45,335,130,25
45,345,127,25
45,356,124,25
45,367,121,25
45,371,120,25
45,375,119,25
45,379,118,25
45,383,117,25
45,387,116,25
45,396,114,25
45,400,113,25
45,409,111,25
45,414,110,25
45,428,107,25
45,433,106,25
46,216,127,35
46,226,123,35
46,229,122,35
46,234,120,35
46,237,119,35
46,240,118,35
46,243,117,35
46,246,116,35
46,249,115,35
46,252,114,35
46,255,113,35
46,258,112,35
46,268,109,35
46,275,107,35
46,282,105,35
46,301,100,35
46,332,130,25
46,342,127,25
46,360,122,25
46,364,121,25
46,368,120,25
46,376,118,25
46,380,117,25
46,384,116,25
46,388,115,25
46,397,113,25
46,401,112,25
46,406,111,25
46,410,110,25
46,415,109,25
46,420,108,25
47,211,128,35
47,216,126,35
47,221,124,35
47,224,123,35
47,229,121,35
47,232,120,35
47,235,119,35
47,259,111,35
47,262,110,35
47,269,108,35
47,272,107,35
47,276,106,35
47,283,104,35
47,287,103,35
47,298,100,35
47,329,130,25
47,339,127,25
47,353,123,25
47,357,122,25
47,361,121,25
47,385,115,25
47,389,114,25
47,398,112,25
47,402,111,25
47,407,110,25
47,416,108,25
47,421,107,25
47,426,106,25
47,431,105,25
48,209,128,35
48,214,126,35
48,219,124,35
48,227,121,35
48,235,118,35
48,238,117,35
48,241,116,35
48,244,115,35
48,247,114,35
48,250,113,35
48,253,112,35
48,263,109,35
48,270,107,35
48,273,106,35
48,277,105,35
48,284,103,35
48,326,130,25
48,336,127,25
48,350,123,25
48,354,122,25
48,369,118,25
48,373,117,25
48,386,114,25
48,390,113,25
48,399,111,25
48,408,109,25
48,413,108,25
49,207,128,35
49,212,126,35
49,217,124,35
49,222,122,35
49,225,121,35
49,230,119,35
49,233,118,35
49,236,117,35
49,239,116,35
49,242,115,35
49,245,114,35
49,248,113,35
49,251,112,35
49,254,111,35
49,257,110,35
49,264,108,35
49,267,107,35
49,271,106,35
49,274,105,35
49,278,104,35
49,293,100,35
49,323,130,25
49,333,127,25
49,347,123,25
49,351,122,25
49,362,119,25
49,366,118,25
49,370,117,25
49,374,116,25
49,378,115,25
49,387,113,25
49,391,112,25
49,400,110,25
49,409,108,25
49,414,107,25
49,419,106,25
49,424,105,25
49,429,104,25
49,434,103,25
50,200,130,35
50,205,128,35
50,210,126,35
50,215,124,35
50,220,122,35
50,225,120,35
50,228,119,35
50,231,118,35
50,255,110,35
50,258,109,35
50,265,107,35
50,268,106,35
50,272,105,35
50,275,104,35
50,279,103,35
50,290,100,35
50,320,130,25
50,327,128,25
50,330,127,25
50,344,123,25
50,348,122,25
50,355,120,25
50,359,119,25
50,363,118,25
50,367,117,25
50,371,116,25
50,375,115,25
50,379,114,25
50,388,112,25
50,392,111,25
50,401,109,25
50,406,108,25
50,420,105,25
50,425,104,25
51,203,128,35
51,208,126,35
51,218,122,35
51,223,120,35
51,226,119,35
51,237,115,35
51,240,114,35
51,243,113,35
51,246,112,35
51,256,109,35
51,259,108,35
51,266,106,35
51,273,104,35
51,288,100,35
51,324,128,25
51,341,123,25
51,345,122,25
51,352,120,25
51,356,119,25
51,360,118,25
51,364,117,25
51,368,116,25
51,372,115,25
51,376,114,25
51,380,113,25
51,389,111,25
51,398,109,25
51,407,107,25
51,412,106,25
51,417,105,25
51,422,104,25
51,427,103,25
52,201,128,35
52,213,123,35
52,216,122,35
52,221,120,35
52,224,119,35
52,229,117,35
52,232,116,35
52,235,115,35
52,238,114,35
52,241,113,35
52,244,112,35
52,247,111,35
52,250,110,35
52,260,107,35
52,267,105,35
52,274,103,35
52,285,100,35
52,321,128,25
52,328,126,25
52,335,124,25
52,342,122,25
52,353,119,25
52,357,118,25
52,361,117,25
52,365,116,25
52,369,115,25
52,373,114,25
52,377,113,25
52,386,111,25
52,390,110,25
52,399,108,25
52,404,107,25
53,199,128,35
53,211,123,35
53,219,120,35
53,227,117,35
53,230,116,35
53,233,115,35
53,236,114,35
53,242,112,35
53,245,111,35
53,248,110,35
53,251,109,35
53,261,106,35
53,268,104,35
53,283,100,35
53,312,130,25
53,322,127,25
53,325,126,25
53,332,124,25
53,339,122,25
53,350,119,25
53,354,118,25
53,358,117,25
53,362,116,25
53,366,115,25
53,370,114,25
53,374,113,25
53,378,112,25
53,387,110,25
53,396,108,25
53,410,105,25
53,415,104,25
53,420,103,25
54,197,128,35
54,202,126,35
54,209,123,35
54,214,121,35
54,217,120,35
54,222,118,35
54,225,117,35
54,228,116,35
54,249,109,35
54,252,108,35
54,259,106,35
54,262,105,35
54,269,103,35
54,280,100,35
54,316,128,25
54,319,127,25
54,329,124,25
54,336,122,25
54,340,121,25
54,347,119,25
54,351,118,25
54,355,117,25
54,359,116,25
54,363,115,25
54,367,114,25
54,371,113,25
54,375,112,25
54,384,110,25
54,388,109,25
54,393,108,25
54,402,106,25
54,407,105,25
54,412,104,25
54,417,103,25
54,432,100,25
55,195,128,35
55,200,126,35
55,207,123,35
55,212,121,35
55,215,120,35
55,220,118,35
55,223,117,35
55,234,113,35
55,250,108,35
55,253,107,35
55,260,105,35
55,263,104,35
55,267,103,35
55,278,100,35
55,313,128,25
55,330,123,25
55,337,121,25
55,348,118,25
55,352,117,25
55,356,116,25
55,360,115,25
55,364,114,25
55,368,113,25
55,372,112,25
55,385,109,25
55,394,107,25
55,399,106,25
55,429,100,25
56,198,126,35
56,205,123,35
56,210,121,35
56,213,120,35
56,218,118,35
56,221,117,35
56,229,114,35
56,232,113,35
56,235,112,35
56,238,111,35
56,241,110,35
56,251,107,35
56,254,106,35
56,261,104,35
56,275,100,35
56,304,130,25
56,317,126,25
56,327,123,25
56,334,121,25
56,338,120,25
56,345,118,25
56,349,117,25
56,353,116,25
56,357,115,25
56,361,114,25
56,365,113,25
56,369,112,25
56,382,109,25
56,391,107,25
56,400,105,25
56,405,104,25
56,410,103,25
56,425,100,25
57,187,130,35
57,196,126,35
57,201,124,35
57,203,123,35
57,208,121,35
57,211,120,35
57,216,118,35
57,219,117,35
57,227,114,35
57,230,113,35
57,233,112,35
57,236,111,35
57,239,110,35
57,242,109,35
57,252,106,35
57,255,105,35
57,262,103,35
57,273,100,35
57,308,128,25
57,311,127,25
57,321,124,25
57,328,122,25
57,335,120,25
57,346,117,25
57,350,116,25
57,354,115,25
57,358,114,25
57,362,113,25
57,366,112,25
57,370,111,25
57,379,109,25
57,388,107,25
57,397,105,25
57,402,104,25
57,407,103,25
57,422,100,25
58,185,130,35
58,192,127,35
58,194,126,35
58,199,124,35
58,204,122,35
58,209,120,35
58,214,118,35
58,217,117,35
58,222,115,35
58,225,114,35
58,228,113,35
58,231,112,35
58,234,111,35
58,237,110,35
58,240,109,35
58,243,108,35
58,253,105,35
58,260,103,35
58,299,130,25
58,305,128,25
58,325,122,25
58,332,120,25
58,336,119,25
58,347,116,25
58,351,115,25
58,355,114,25
58,359,113,25
58,363,112,25
58,376,109,25
58,380,108,25
58,385,107,25
58,394,105,25
58,399,104,25
59,190,127,35
59,197,124,35
59,202,122,35
59,207,120,35
59,212,118,35
59,215,117,35
59,220,115,35
59,223,114,35
59,226,113,35
59,229,112,35
59,232,111,35
59,235,110,35
59,238,109,35
59,241,108,35
59,244,107,35
59,251,105,35
59,254,104,35
59,268,100,35
59,306,127,25
59,309,126,25
59,319,123,25
59,326,121,25
59,333,119,25
59,337,118,25
59,348,115,25
59,352,114,25
59,356,113,25
59,360,112,25
59,373,109,25
59,377,108,25
59,382,107,25
59,386,106,25
59,391,105,25
60,186,128,35
60,188,127,35
60,195,124,35
60,200,122,35
60,205,120,35
60,210,118,35
60,213,117,35
60,218,115,35
60,221,114,35
60,224,113,35
60,227,112,35
60,236,109,35
60,239,108,35
60,242,107,35
60,245,106,35
60,252,104,35
60,255,103,35
60,266,100,35
60,294,130,25
60,300,128,25
60,313,124,25
60,320,122,25
60,327,120,25
60,334,118,25
60,338,117,25
60,353,113,25
60,370,109,25
60,374,108,25
60,383,106,25
60,388,105,25
60,397,103,25
60,412,100,25
61,184,128,35
61,198,122,35
61,203,120,35
61,208,118,35
61,211,117,35
61,216,115,35
61,219,114,35
61,222,113,35
61,225,112,35
61,237,108,35
61,240,107,35
61,243,106,35
61,253,103,35
61,301,127,25
61,304,126,25
61,314,123,25
61,324,120,25
61,328,119,25
61,335,117,25
61,339,116,25
61,363,110,25
61,367,109,25
61,376,107,25
61,380,106,25
61,385,105,25
61,394,103,25
61,409,100,25
62,178,130,35
62,187,126,35
62,194,123,35
62,201,120,35
62,204,119,35
62,209,117,35
62,217,114,35
62,220,113,35
62,223,112,35
62,238,107,35
62,241,106,35
62,244,105,35
62,251,103,35
62,289,130,25
62,295,128,25
62,308,124,25
62,318,121,25
62,325,119,25
62,329,118,25
62,336,116,25
62,340,115,25
62,344,114,25
62,356,111,25
62,360,110,25
62,364,109,25
62,373,107,25
62,377,106,25
62,382,105,25
62,391,103,25
62,406,100,25
63,183,127,35
63,185,126,35
63,192,123,35
63,197,121,35
63,202,119,35
63,207,117,35
63,215,114,35
63,218,113,35
63,221,112,35
63,236,107,35
63,239,106,35
63,242,105,35
63,249,103,35
63,259,100,35
63,293,128,25
63,296,127,25
63,299,126,25
63,309,123,25
63,312,122,25
63,319,120,25
63,326,118,25
63,337,115,25
63,341,114,25
63,345,113,25
63,349,112,25
63,353,111,25
63,357,110,25
63,361,109,25
63,370,107,25
63,379,105,25
63,388,103,25
63,403,100,25
64,179,128,35
64,181,127,35
64,188,124,35
64,195,121,35
64,200,119,35
64,205,117,35
64,208,116,35
64,213,114,35
64,216,113,35
64,219,112,35
64,237,106,35
64,240,105,35
64,243,104,35
64,257,100,35
64,303,124,25
64,313,121,25
64,320,119,25
64,327,117,25
64,331,116,25
64,342,113,25
64,346,112,25
64,350,111,25
64,367,107,25
64,376,105,25
64,385,103,25
65,173,130,35
65,186,124,35
65,191,122,35
65,198,119,35
65,201,118,35
65,206,116,35
65,214,113,35
65,217,112,35
65,235,106,35
65,238,105,35
65,241,104,35
65,255,100,35
65,282,130,25
65,288,128,25
65,291,127,25
65,294,126,25
65,304,123,25
65,307,122,25
65,314,120,25
65,321,118,25
65,328,116,25
65,332,115,25
65,360,108,25
65,364,107,25
65,373,105,25
65,382,103,25
66,178,127,35
66,180,126,35
66,187,123,35
66,189,122,35
66,194,120,35
66,199,118,35
66,204,116,35
66,212,113,35
66,215,112,35
66,218,111,35
66,233,106,35
66,236,105,35
66,239,104,35
66,253,100,35
66,292,126,25
66,298,124,25
66,308,121,25
66,315,119,25
66,322,117,25
66,333,114,25
66,337,113,25
66,341,112,25
66,345,111,25
66,349,110,25
66,353,109,25
66,357,108,25
66,366,106,25
66,370,105,25
67,174,128,35
67,176,127,35
67,185,123,35
67,192,120,35
67,197,118,35
67,205,115,35
67,210,113,35
67,213,112,35
67,216,111,35
67,219,110,35
67,231,106,35
67,234,105,35
67,237,104,35
67,299,123,25
67,309,120,25
67,316,118,25
67,323,116,25
67,327,115,25
67,338,112,25
67,342,111,25
67,346,110,25
67,350,109,25
67,363,106,25
67,372,104,25
67,391,100,25
68,168,130,35
68,181,124,35
68,188,121,35
68,193,119,35
68,198,117,35
68,203,115,35
68,206,114,35
68,211,112,35
68,214,111,35
68,217,110,35
68,220,109,35
68,226,107,35
68,229,106,35
68,232,105,35
68,235,104,35
68,275,130,25
68,281,128,25
68,284,127,25
68,287,126,25
68,300,122,25
68,303,121,25
68,310,119,25
68,317,117,25
68,324,115,25
68,328,114,25
68,356,107,25
68,360,106,25
68,369,104,25
68,388,100,25
69,173,127,35
69,175,126,35
69,184,122,35
69,191,119,35
69,196,117,35
69,204,114,35
69,212,111,35
69,215,110,35
69,218,109,35
69,221,108,35
69,224,107,35
69,227,106,35
69,230,105,35
69,233,104,35
69,273,130,25
69,279,128,25
69,282,127,25
69,285,126,25
69,291,124,25
69,301,121,25
69,304,120,25
69,311,118,25
69,318,116,25
69,329,113,25
69,333,112,25
69,337,111,25
69,341,110,25
69,345,109,25
69,349,108,25
69,353,107,25
69,362,105,25
69,366,104,25
69,371,103,25
69,385,100,25
70,165,130,35
70,169,128,35
70,171,127,35
70,180,123,35
70,187,120,35
70,192,118,35
70,197,116,35
70,202,114,35
70,205,113,35
70,213,110,35
70,216,109,35
70,219,108,35
70,222,107,35
70,225,106,35
70,228,105,35
70,231,104,35
70,271,130,25
70,292,123,25
70,295,122,25
70,305,119,25
70,312,117,25
70,319,115,25
70,323,114,25
70,338,110,25
70,342,109,25
70,355,106,25
70,359,105,25
70,368,103,25
70,382,100,25
71,176,124,35
71,183,121,35
71,188,119,35
71,190,118,35
71,195,116,35
71,198,115,35
71,203,113,35
71,206,112,35
71,214,109,35
71,217,108,35
71,220,107,35
71,223,106,35
71,226,105,35
71,229,104,35
71,293,122,25
71,296,121,25
71,306,118,25
71,313,116,25
71,317,115,25
71,324,113,25
71,328,112,25
71,332,111,25
71,344,108,25
71,348,107,25
71,352,106,25
71,361,104,25
71,379,100,25
72,162,130,35
72,166,128,35
72,168,127,35
72,170,126,35
72,177,123,35
72,179,122,35
72,186,119,35
72,191,117,35
72,196,115,35
72,201,113,35
72,204,112,35
72,215,108,35
72,218,107,35
72,221,106,35
72,224,105,35
72,275,127,25
72,278,126,25
72,294,121,25
72,297,120,25
72,304,118,25
72,307,117,25
72,318,114,25
72,333,110,25
72,337,109,25
72,341,108,25
72,354,105,25
72,358,104,25
73,173,124,35
73,175,123,35
73,182,120,35
73,187,118,35
73,192,116,35
73,197,114,35
73,202,112,35
73,205,111,35
73,270,128,25
73,273,127,25
73,276,126,25
73,282,124,25
73,285,123,25
73,295,120,25
73,298,119,25
73,305,117,25
73,312,115,25
73,319,113,25
73,323,112,25
73,327,111,25
73,343,107,25
73,347,106,25
73,351,105,25
73,360,103,25
74,159,130,35
74,163,128,35
74,165,127,35
74,167,126,35
74,176,122,35
74,178,121,35
74,183,119,35
74,185,118,35
74,190,116,35
74,195,114,35
74,198,113,35
74,203,111,35
74,206,110,35
74,209,109,35
74,227,103,35
74,268,128,25
74,271,127,25
74,274,126,25
74,280,124,25
74,283,123,25
74,286,122,25
74,296,119,25
74,299,118,25
74,306,116,25
74,313,114,25
74,317,113,25
74,328,110,25
74,332,109,25
74,336,108,25
74,340,107,25
74,353,104,25
74,371,100,25
75,170,124,35
75,172,123,35
75,179,120,35
75,181,119,35
75,186,117,35
75,191,115,35
75,196,113,35
75,199,112,35
75,204,110,35
75,207,109,35
75,210,108,35
75,225,103,35
75,260,130,25
75,266,128,25
75,284,122,25
75,287,121,25
75,290,120,25
75,297,118,25
75,300,117,25
75,307,115,25
75,311,114,25
75,318,112,25
75,322,111,25
75,342,106,25
75,346,105,25
75,350,104,25
75,368,100,25
76,156,130,35
76,160,128,35
76,162,127,35
76,164,126,35
76,175,121,35
76,177,120,35
76,182,118,35
76,187,116,35
76,192,114,35
76,197,112,35
76,205,109,35
76,208,108,35
76,211,107,35
76,214,106,35
76,217,105,35
76,220,104,35
76,223,103,35
76,258,130,25
76,264,128,25
76,285,121,25
76,288,120,25
76,298,117,25
76,305,115,25
76,312,113,25
76,316,112,25
76,327,109,25
76,331,108,25
76,335,107,25
76,348,104,25
76,352,103,25
77,167,124,35
77,169,123,35
77,171,122,35
77,178,119,35
77,185,116,35
77,190,114,35
77,198,111,35
77,201,110,35
77,209,107,35
77,212,106,35
77,215,105,35
77,218,104,35
77,221,103,35
77,231,100,35
77,256,130,25
77,286,120,25
77,289,119,25
77,299,116,25
77,306,114,25
77,317,111,25
77,321,110,25
77,325,109,25
77,337,106,25
77,341,105,25
77,345,104,25
77,363,100,25
78,153,130,35
78,157,128,35
78,159,127,35
78,161,126,35
78,172,121,35
78,174,120,35
78,179,118,35
78,181,117,35
78,186,115,35
78,191,113,35
78,199,110,35
78,202,109,35
78,229,100,35
78,254,130,25
78,287,119,25
78,290,118,25
78,297,116,25
78,304,114,25
78,311,112,25
78,315,111,25
78,347,103,25
79,164,124,35
79,166,123,35
79,168,122,35
79,175,119,35
79,177,118,35
79,182,116,35
79,187,114,35
79,192,112,35
79,200,109,35
79,203,108,35
79,227,100,35
79,252,130,25
79,269,124,25
79,288,118,25
79,298,115,25
79,305,113,25
79,309,112,25
79,316,110,25
79,320,109,25
79,324,108,25
79,328,107,25
79,332,106,25
79,336,105,25
79,340,104,25
79,358,100,25
80,150,130,35
80,154,128,35
80,156,127,35
80,158,126,35
80,169,121,35
80,171,120,35
80,178,117,35
80,183,115,35
80,188,113,35
80,193,111,35
80,201,108,35
80,204,107,35
80,207,106,35
80,210,105,35
80,213,104,35
80,216,103,35
80,225,100,35
80,250,130,25
80,267,124,25
80,270,123,25
80,273,122,25
80,286,118,25
80,289,117,25
80,296,115,25
80,303,113,25
80,310,111,25
80,314,110,25
80,338,104,25
80,342,103,25
80,355,100,25
81,149,130,35
81,161,124,35
81,163,123,35
81,165,122,35
81,172,119,35
81,174,118,35
81,179,116,35
81,184,114,35
81,189,112,35
81,194,110,35
81,197,109,35
81,205,106,35
81,208,105,35
81,211,104,35
81,214,103,35
81,265,124,25
81,268,123,25
81,271,122,25
81,274,121,25
81,287,117,25
81,297,114,25
81,308,111,25
81,323,107,25
81,327,106,25
81,331,105,25
81,353,100,25
82,166,121,35
82,168,120,35
82,175,117,35
82,182,114,35
82,190,111,35
82,195,109,35
82,198,108,35
82,252,128,25
82,263,124,25
82,266,123,25
82,269,122,25
82,272,121,25
82,275,120,25
82,285,117,25
82,288,116,25
82,295,114,25
82,302,112,25
82,313,109,25
82,317,108,25
82,321,107,25
82,325,106,25
82,329,105,25
82,333,104,25
82,337,103,25
82,350,100,25
83,146,130,35
83,150,128,35
83,152,127,35
83,154,126,35
83,158,124,35
83,160,123,35
83,169,119,35
83,171,118,35
83,176,116,35
83,178,115,35
83,183,113,35
83,191,110,35
83,199,107,35
83,202,106,35
83,220,100,35
83,250,128,25
83,261,124,25
83,264,123,25
83,267,122,25
83,270,121,25
83,273,120,25
83,283,117,25
83,286,116,25
83,293,114,25
83,300,112,25
83,307,110,25
83,311,109,25
83,335,103,25
83,348,100,25
84,161,122,35
84,163,121,35
84,165,120,35
84,172,117,35
84,179,114,35
84,184,112,35
84,192,109,35
84,200,106,35
84,203,105,35
84,206,104,35
84,209,103,35
84,218,100,35
84,248,128,25
84,259,124,25
84,262,123,25
84,265,122,25
84,268,121,25
84,271,120,25
84,284,116,25
84,294,113,25
84,305,110,25
84,320,106,25
84,324,105,25
84,328,104,25
85,151,126,35
85,166,119,35
85,168,118,35
85,173,116,35
85,175,115,35
85,180,113,35
85,185,111,35
85,193,108,35
85,196,107,35
85,246,128,25
85,249,127,25
85,260,123,25
85,263,122,25
85,266,121,25
85,269,120,25
85,282,116,25
85,285,115,25
85,292,113,25
85,299,111,25
85,310,108,25
85,314,107,25
85,318,106,25
85,322,105,25
85,326,104,25
85,330,103,25
85,343,100,25
86,142,130,35
86,146,128,35
86,148,127,35
86,150,126,35
86,154,124,35
86,156,123,35
86,158,122,35
86,160,121,35
86,167,118,35
86,169,117,35
86,176,114,35
86,181,112,35
86,186,110,35
86,189,109,35
86,194,107,35
86,197,106,35
86,200,105,35
86,215,100,35
86,239,130,25
86,247,127,25
86,261,122,25
86,264,121,25
86,267,120,25
86,280,116,25
86,283,115,25
86,290,113,25
86,297,111,25
86,304,109,25
86,308,108,25
86,312,107,25
86,328,103,25
87,141,130,35
87,161,120,35
87,163,119,35
87,170,116,35
87,177,113,35
87,182,111,35
87,190,108,35
87,198,105,35
87,201,104,35
87,204,103,35
87,213,100,35
87,237,130,25
87,245,127,25
87,248,126,25
87,262,121,25
87,265,120,25
87,278,116,25
87,281,115,25
87,288,113,25
87,295,111,25
87,302,109,25
87,306,108,25
87,338,100,25
88,147,126,35
88,151,124,35
88,164,118,35
88,166,117,35
88,171,115,35
88,173,114,35
88,178,112,35
88,183,110,35
88,186,109,35
88,191,107,35
88,194,106,35
88,246,126,25
88,276,116,25
88,279,115,25
88,286,113,25
88,289,112,25
88,300,109,25
88,315,105,25
88,319,104,25
88,323,103,25
88,336,100,25
89,142,128,35
89,144,127,35
89,146,126,35
89,150,124,35
89,152,123,35
89,154,122,35
89,156,121,35
89,158,120,35
89,165,117,35
89,167,116,35
89,172,114,35
89,174,113,35
89,179,111,35
89,184,109,35
89,187,108,35
89,195,105,35
89,198,104,35
89,201,103,35
89,210,100,35
89,244,126,25
89,274,116,25
89,277,115,25
89,287,112,25
89,294,110,25
89,298,109,25
89,309,106,25
89,313,105,25
89,317,104,25
89,321,103,25
90,137,130,35
90,157,120,35
90,159,119,35
90,161,118,35
90,168,115,35
90,175,112,35
90,180,110,35
90,188,107,35
90,199,103,35
90,208,100,35
90,237,128,25
90,248,124,25
90,272,116,25
90,275,115,25
90,285,112,25
90,292,110,25
90,303,107,25
90,307,106,25
90,311,105,25
90,319,103,25
91,136,130,35
91,160,118,35
91,162,117,35
91,169,114,35
91,176,111,35
91,181,109,35
91,184,108,35
91,189,106,35
91,192,105,35
91,195,104,35
91,230,130,25
91,238,127,25
91,246,124,25
91,249,123,25
91,270,116,25
91,273,115,25
91,283,112,25
91,290,110,25
91,301,107,25
91,305,106,25
91,329,100,25
92,140,127,35
92,142,126,35
92,146,124,35
92,148,123,35
92,150,122,35
92,152,121,35
92,154,120,35
92,163,116,35
92,165,115,35
92,170,113,35
92,180,109,35
92,185,107,35
92,193,104,35
92,196,103,35
92,205,100,35
92,236,127,25
92,247,123,25
92,250,122,25
92,265,117,25
92,268,116,25
92,271,115,25
92,281,112,25
92,288,110,25
92,295,108,25
92,299,107,25
92,327,100,25
93,137,128,35
93,139,127,35
93,153,120,35
93,155,119,35
93,157,118,35
93,164,115,35
93,166,114,35
93,171,112,35
93,176,110,35
93,181,108,35
93,186,106,35
93,189,105,35
93,237,126,25
93,248,122,25
93,251,121,25
93,254,120,25
93,257,119,25
93,260,118,25
93,263,117,25
93,266,116,25
93,276,113,25
93,279,112,25
93,286,110,25
93,293,108,25
93,297,107,25
94,132,130,35
94,136,128,35
94,156,118,35
94,158,117,35
94,160,116,35
94,167,113,35
94,172,111,35
94,177,109,35
94,182,107,35
94,190,104,35
94,193,103,35
94,202,100,35
94,225,130,25
94,230,128,25
94,249,121,25
94,252,120,25
94,255,119,25
94,258,118,25
94,261,117,25
94,264,116,25
94,274,113,25
94,277,112,25
94,284,110,25
94,291,108,25
94,295,107,25
94,306,104,25
94,310,103,25
95,131,130,35
95,142,124,35
95,144,123,35
95,146,122,35
95,148,121,35
95,150,120,35
95,159,116,35
95,161,115,35
95,168,112,35
95,173,110,35
95,178,108,35
95,186,105,35
95,200,100,35
95,231,127,25
95,239,124,25
95,250,120,25
95,253,119,25
95,256,118,25
95,259,117,25
95,272,113,25
95,282,110,25
95,289,108,25
95,293,107,25
95,300,105,25
95,304,104,25
95,308,103,25
95,320,100,25
96,137,126,35
96,141,124,35
96,143,123,35
96,145,122,35
96,147,121,35
96,149,120,35
96,151,119,35
96,153,118,35
96,162,114,35
96,169,111,35
96,174,109,35
96,179,107,35
96,182,106,35
96,187,104,35
96,190,103,35
96,232,126,25
96,237,124,25
96,240,123,25
96,270,113,25
96,280,110,25
96,287,108,25
96,291,107,25
96,298,105,25
96,302,104,25
96,306,103,25
96,318,100,25
97,134,127,35
97,136,126,35
97,152,118,35
97,154,117,35
97,163,113,35
97,168,111,35
97,170,110,35
97,175,108,35
97,178,107,35
97,183,105,35
97,186,104,35
97,197,100,35
97,220,130,25
97,225,128,25
97,230,126,25
97,241,122,25
97,244,121,25
97,265,114,25
97,268,113,25
97,275,111,25
97,278,110,25
97,285,108,25
97,289,107,25
97,296,105,25
97,300,104,25
97,304,103,25
97,316,100,25
97,433,130,15
98,131,128,35
98,133,127,35
98,155,116,35
98,157,115,35
98,164,112,35
98,169,110,35
98,174,108,35
98,179,106,35
98,187,103,35
98,226,127,25
98,242,121,25
98,245,120,25
98,248,119,25
98,251,118,25
98,257,116,25
98,260,115,25
98,263,114,25
98,273,111,25
98,287,107,25
98,294,105,25
98,298,104,25
98,302,103,25
98,314,100,25
99,130,128,35
99,143,121,35
99,145,120,35
99,156,115,35
99,158,114,35
99,165,111,35
99,170,109,35
99,175,107,35
99,180,105,35
99,183,104,35
99,194,100,35
99,227,126,25
99,232,124,25
99,235,123,25
99,243,120,25
99,246,119,25
99,249,118,25
99,252,117,25
99,255,116,25
99,258,115,25
99,271,111,25
99,278,109,25
99,285,107,25
99,292,105,25
99,296,104,25
99,300,103,25
99,312,100,25
99,428,130,15
