13,435,130,33
14,430,130,33
16,421,130,33
16,429,128,33
16,433,127,33
17,433,126,33
18,412,130,33
18,420,128,33
18,424,127,33
19,408,130,33
19,416,128,33
19,420,127,33
19,424,126,33
20,428,124,33
20,432,123,33
21,407,128,33
21,411,127,33
21,415,126,33
21,428,123,33
21,432,122,33
22,395,130,33
22,403,128,33
22,407,127,33
22,411,126,33
22,419,124,33
22,428,122,33
22,432,121,33
23,391,130,33
23,399,128,33
23,403,127,33
23,407,126,33
23,415,124,33
23,419,123,33
23,428,121,33
23,432,120,33
24,395,128,33
24,399,127,33
24,403,126,33
24,411,124,33
24,415,123,33
24,419,122,33
24,428,120,33
25,391,128,33
25,395,127,33
25,399,126,33
25,407,124,33
25,411,123,33
25,415,122,33
25,428,119,33
26,387,128,33
26,391,127,33
26,395,126,33
26,403,124,33
26,407,123,33
26,411,122,33
26,415,121,33
26,424,119,33
26,433,117,33
27,376,130,33
27,383,128,33
27,387,127,33
27,391,126,33
27,399,124,33
27,403,123,33
27,407,122,33
27,411,121,33
27,420,119,33
27,424,118,33
27,433,116,33
28,372,130,33
28,383,127,33
28,387,126,33
28,395,124,33
28,399,123,33
28,403,122,33
28,407,121,33
28,416,119,33
28,420,118,33
28,429,116,33
29,376,128,33
29,391,124,33
29,395,123,33
29,399,122,33
29,403,121,33
29,412,119,33
29,416,118,33
29,425,116,33
29,434,114,33
30,365,130,33
30,372,128,33
30,376,127,33
30,387,124,33
30,391,123,33
30,395,122,33
30,408,119,33
30,412,118,33
30,421,116,33
30,430,114,33
30,435,113,33
31,361,130,33
31,372,127,33
31,376,126,33
31,404,119,33
31,408,118,33
31,417,116,33
31,426,114,33
32,358,130,33
32,365,128,33
32,380,124,33
32,384,123,33
32,388,122,33
32,392,121,33
32,396,120,33
32,400,119,33
32,413,116,33
32,422,114,33
32,431,112,33
33,365,127,33
33,369,126,33
33,380,123,33
33,384,122,33
33,388,121,33
33,392,120,33
33,405,117,33
33,409,116,33
33,418,114,33
33,423,113,33
33,427,112,33
33,432,111,33
34,351,130,33
34,358,128,33
34,365,126,33
34,373,124,33
34,397,118,33
34,401,117,33
34,410,115,33
34,414,114,33
34,419,113,33
34,428,111,33
34,433,110,33
35,358,127,33
35,362,126,33
35,369,124,33
35,373,123,33
35,377,122,33
35,381,121,33
35,385,120,33
35,389,119,33
35,393,118,33
35,406,115,33
35,415,113,33
35,424,111,33
35,429,110,33
35,434,109,33
36,351,128,33
36,355,127,33
36,366,124,33
36,398,116,33
36,402,115,33
36,411,113,33
36,416,112,33
36,425,110,33
36,430,109,33
36,435,108,33
37,341,130,33
37,348,128,33
37,355,126,33
37,366,123,33
37,370,122,33
37,374,121,33
37,378,120,33
37,382,119,33
37,386,118,33
37,390,117,33
37,403,114,33
37,412,112,33
37,421,110,33
37,426,109,33
37,431,108,33
38,338,130,33
38,348,127,33
38,352,126,33
38,359,124,33
38,363,123,33
38,391,116,33
38,395,115,33
38,399,114,33
38,404,113,33
38,408,112,33
38,413,111,33
38,422,109,33
38,427,108,33
38,432,107,33
39,335,130,33
39,345,127,33
39,356,124,33
39,363,122,33
39,367,121,33
39,371,120,33
39,375,119,33
39,379,118,33
39,383,117,33
39,387,116,33
39,396,114,33
39,400,113,33
39,409,111,33
39,414,110,33
39,423,108,33
39,428,107,33
39,433,106,33
40,342,127,33
40,356,123,33
40,360,122,33
40,388,115,33
40,392,114,33
40,401,112,33
40,410,110,33
40,415,109,33
40,429,106,33
41,335,128,33
41,342,126,33
41,353,123,33
41,364,120,33
41,368,119,33
41,372,118,33
41,376,117,33
41,380,116,33
41,389,114,33
41,393,113,33
41,402,111,33
41,411,109,33
41,416,108,33
42,332,128,33
42,339,126,33
42,346,124,33
42,350,123,33
42,357,121,33
42,361,120,33
42,365,119,33
42,369,118,33
42,373,117,33
42,377,116,33
42,381,115,33
42,385,114,33
42,394,112,33
42,403,110,33
42,412,108,33
42,417,107,33
42,422,106,33
42,427,105,33
42,432,104,33
43,329,128,33
43,336,126,33
43,343,124,33
43,350,122,33
43,354,121,33
43,358,120,33
43,382,114,33
43,386,113,33
43,395,111,33
43,404,109,33
43,418,106,33
43,423,105,33
43,428,104,33
44,326,128,33
44,333,126,33
44,340,124,33
44,347,122,33
44,351,121,33
44,366,117,33
44,370,116,33
44,383,113,33
44,387,112,33
44,396,110,33
44,405,108,33
44,410,107,33
45,317,130,33
45,323,128,33
45,330,126,33
45,337,124,33
45,344,122,33
45,355,119,33
45,359,118,33
45,363,117,33
45,367,116,33
45,371,115,33
45,375,114,33
45,388,111,33
45,397,109,33
45,406,107,33
45,411,106,33
45,416,105,33
45,421,104,33
45,426,103,33
46,314,130,33
46,327,126,33
46,334,124,33
46,341,122,33
46,352,119,33
46,356,118,33
46,360,117,33
46,364,116,33
46,368,115,33
46,372,114,33
46,376,113,33
46,385,111,33
46,389,110,33
46,398,108,33
46,403,107,33
47,311,130,33
47,321,127,33
47,324,126,33
47,331,124,33
47,338,122,33
47,349,119,33
47,353,118,33
47,357,117,33
47,369,114,33
47,373,113,33
47,377,112,33
47,386,110,33
47,390,109,33
47,395,108,33
47,404,106,33
47,409,105,33
47,414,104,33
47,419,103,33
48,318,127,33
48,328,124,33
48,335,122,33
48,346,119,33
48,350,118,33
48,374,112,33
48,378,111,33
48,387,109,33
48,396,107,33
48,401,106,33
48,415,103,33
48,431,100,33
49,312,128,33
49,315,127,33
49,325,124,33
49,332,122,33
49,343,119,33
49,347,118,33
49,371,112,33
49,375,111,33
49,379,110,33
49,384,109,33
49,388,108,33
49,393,107,33
49,402,105,33
49,407,104,33
49,412,103,33
49,427,100,33
50,303,130,33
50,309,128,33
50,326,123,33
50,329,122,33
50,333,121,33
50,340,119,33
50,344,118,33
50,372,111,33
50,376,110,33
50,385,108,33
50,394,106,33
50,399,105,33
51,300,130,33
51,313,126,33
51,323,123,33
51,330,121,33
51,337,119,33
51,341,118,33
51,369,111,33
51,373,110,33
51,377,109,33
51,386,107,33
51,391,106,33
51,400,104,33
51,405,103,33
51,420,100,33
52,304,128,33
52,307,127,33
52,310,126,33
52,317,124,33
52,320,123,33
52,327,121,33
52,338,118,33
52,370,110,33
52,374,109,33
52,383,107,33
52,392,105,33
52,397,104,33
52,402,103,33
52,417,100,33
53,295,130,33
53,301,128,33
53,314,124,33
53,321,122,33
53,328,120,33
53,335,118,33
53,339,117,33
53,367,110,33
53,371,109,33
53,380,107,33
53,389,105,33
54,305,126,33
54,318,122,33
54,325,120,33
54,336,117,33
54,364,110,33
54,368,109,33
54,377,107,33
54,381,106,33
54,386,105,33
54,395,103,33
54,410,100,33
55,290,130,33
55,296,128,33
55,299,127,33
55,302,126,33
55,312,123,33
55,319,121,33
55,326,119,33
55,333,117,33
55,337,116,33
55,361,110,33
55,365,109,33
55,369,108,33
55,378,106,33
55,392,103,33
55,407,100,33
56,306,124,33
56,313,122,33
56,316,121,33
56,323,119,33
56,327,118,33
56,334,116,33
56,338,115,33
56,358,110,33
56,362,109,33
56,366,108,33
56,375,106,33
56,384,104,33
56,389,103,33
57,285,130,33
57,291,128,33
57,294,127,33
57,297,126,33
57,307,123,33
57,310,122,33
57,317,120,33
57,324,118,33
57,335,115,33
57,339,114,33
57,343,113,33
57,347,112,33
57,351,111,33
57,355,110,33
57,359,109,33
57,363,108,33
57,372,106,33
57,381,104,33
57,386,103,33
57,400,100,33
58,301,124,33
58,304,123,33
58,311,121,33
58,318,119,33
58,325,117,33
58,336,114,33
58,340,113,33
58,344,112,33
58,348,111,33
58,352,110,33
58,356,109,33
58,369,106,33
58,378,104,33
58,383,103,33
58,397,100,33
59,280,130,33
59,286,128,33
59,289,127,33
59,292,126,33
59,305,122,33
59,315,119,33
59,326,116,33
59,337,113,33
59,341,112,33
59,345,111,33
59,349,110,33
59,353,109,33
59,362,107,33
59,366,106,33
59,375,104,33
59,394,100,33
60,296,124,33
60,299,123,33
60,309,120,33
60,316,118,33
60,323,116,33
60,327,115,33
60,359,107,33
60,363,106,33
60,372,104,33
60,391,100,33
61,281,128,33
61,284,127,33
61,300,122,33
61,303,121,33
61,310,119,33
61,317,117,33
61,328,114,33
61,332,113,33
61,352,108,33
61,356,107,33
61,360,106,33
61,369,104,33
61,374,103,33
61,388,100,33
62,273,130,33
62,279,128,33
62,282,127,33
62,285,126,33
62,291,124,33
62,304,120,33
62,311,118,33
62,318,116,33
62,329,113,33
62,333,112,33
62,337,111,33
62,341,110,33
62,345,109,33
62,349,108,33
62,353,107,33
62,362,105,33
62,366,104,33
62,371,103,33
62,385,100,33
63,292,123,33
63,295,122,33
63,305,119,33
63,312,117,33
63,319,115,33
63,323,114,33
63,330,112,33
63,334,111,33
63,338,110,33
63,342,109,33
63,346,108,33
63,359,105,33
63,368,103,33
63,382,100,33
64,274,128,33
64,277,127,33
64,280,126,33
64,296,121,33
64,299,120,33
64,306,118,33
64,313,116,33
64,320,114,33
64,324,113,33
64,352,106,33
64,356,105,33
64,365,103,33
64,379,100,33
65,266,130,33
65,272,128,33
65,275,127,33
65,278,126,33
65,284,124,33
65,287,123,33
65,290,122,33
65,300,119,33
65,307,117,33
65,314,115,33
65,325,112,33
65,329,111,33
65,333,110,33
65,337,109,33
65,341,108,33
65,345,107,33
65,349,106,33
65,358,104,33
65,362,103,33
65,376,100,33
66,264,130,33
66,288,122,33
66,291,121,33
66,301,118,33
66,308,116,33
66,315,114,33
66,319,113,33
66,330,110,33
66,334,109,33
66,338,108,33
66,342,107,33
66,355,104,33
66,373,100,33
67,262,130,33
67,292,120,33
67,302,117,33
67,309,115,33
67,316,113,33
67,320,112,33
67,324,111,33
67,344,106,33
67,348,105,33
67,357,103,33
68,268,127,33
68,271,126,33
68,277,124,33
68,280,123,33
68,293,119,33
68,303,116,33
68,310,114,33
68,314,113,33
68,325,110,33
68,329,109,33
68,333,108,33
68,337,107,33
68,341,106,33
68,354,103,33
69,263,128,33
69,266,127,33
69,269,126,33
69,275,124,33
69,278,123,33
69,281,122,33
69,284,121,33
69,294,118,33
69,304,115,33
69,315,112,33
69,319,111,33
69,347,104,33
69,365,100,33
70,261,128,33
70,264,127,33
70,282,121,33
70,285,120,33
70,295,117,33
70,302,115,33
70,309,113,33
70,320,110,33
70,324,109,33
70,328,108,33
70,332,107,33
70,336,106,33
70,340,105,33
70,362,100,33
71,259,128,33
71,283,120,33
71,286,119,33
71,296,116,33
71,303,114,33
71,310,112,33
71,314,111,33
71,346,103,33
72,257,128,33
72,284,119,33
72,287,118,33
72,297,115,33
72,304,113,33
72,308,112,33
72,315,110,33
72,319,109,33
72,323,108,33
72,327,107,33
72,331,106,33
72,335,105,33
72,339,104,33
73,266,124,33
73,269,123,33
73,272,122,33
73,285,118,33
73,288,117,33
73,295,115,33
73,302,113,33
73,309,111,33
73,313,110,33
73,341,103,33
73,354,100,33
74,264,124,33
74,267,123,33
74,270,122,33
74,273,121,33
74,276,120,33
74,286,117,33
74,289,116,33
74,296,114,33
74,303,112,33
74,307,111,33
74,314,109,33
74,318,108,33
74,322,107,33
74,326,106,33
74,330,105,33
74,334,104,33
75,262,124,33
75,265,123,33
75,268,122,33
75,271,121,33
75,274,120,33
75,277,119,33
75,287,116,33
75,297,113,33
75,301,112,33
75,308,110,33
75,312,109,33
75,336,103,33
75,349,100,33
76,260,124,33
76,263,123,33
76,266,122,33
76,269,121,33
76,272,120,33
76,275,119,33
76,288,115,33
76,295,113,33
76,302,111,33
76,306,110,33
76,317,107,33
76,321,106,33
76,325,105,33
76,329,104,33
77,258,124,33
77,261,123,33
77,264,122,33
77,267,121,33
77,270,120,33
77,273,119,33
77,276,118,33
77,286,115,33
77,296,112,33
77,300,111,33
77,307,109,33
77,311,108,33
77,315,107,33
77,327,104,33
77,331,103,33
77,344,100,33
78,256,124,33
78,259,123,33
78,271,119,33
78,274,118,33
78,277,117,33
78,287,114,33
78,294,112,33
78,301,110,33
78,305,109,33
79,243,128,33
79,254,124,33
79,257,123,33
79,269,119,33
79,272,118,33
79,275,117,33
79,285,114,33
79,292,112,33
79,299,110,33
79,310,107,33
79,314,106,33
79,318,105,33
79,322,104,33
79,326,103,33
79,339,100,33
80,241,128,33
80,252,124,33
80,255,123,33
80,270,118,33
80,273,117,33
80,276,116,33
80,283,114,33
80,286,113,33
80,293,111,33
80,304,108,33
80,308,107,33
81,234,130,33
81,239,128,33
81,250,124,33
81,253,123,33
81,268,118,33
81,271,117,33
81,274,116,33
81,284,113,33
81,291,111,33
81,298,109,33
81,302,108,33
81,334,100,33
82,232,130,33
82,237,128,33
82,240,127,33
82,248,124,33
82,251,123,33
82,254,122,33
82,266,118,33
82,269,117,33
82,272,116,33
82,282,113,33
82,289,111,33
82,296,109,33
82,307,106,33
82,311,105,33
82,315,104,33
82,319,103,33
83,230,130,33
83,238,127,33
83,246,124,33
83,249,123,33
83,252,122,33
83,264,118,33
83,267,117,33
83,270,116,33
83,280,113,33
83,290,110,33
83,294,109,33
83,301,107,33
83,305,106,33
83,309,105,33
83,313,104,33
83,317,103,33
83,329,100,33
84,236,127,33
84,239,126,33
84,247,123,33
84,250,122,33
84,253,121,33
84,259,119,33
84,262,118,33
84,265,117,33
84,268,116,33
84,278,113,33
84,281,112,33
84,288,110,33
84,299,107,33
84,303,106,33
84,327,100,33
85,237,126,33
85,248,122,33
85,251,121,33
85,254,120,33
85,257,119,33
85,260,118,33
85,263,117,33
85,266,116,33
85,279,112,33
85,286,110,33
85,293,108,33
85,297,107,33
85,312,103,33
86,225,130,33
86,230,128,33
86,235,126,33
86,246,122,33
86,249,121,33
86,252,120,33
86,255,119,33
86,258,118,33
86,261,117,33
86,264,116,33
86,277,112,33
86,284,110,33
86,291,108,33
86,302,105,33
86,306,104,33
86,310,103,33
87,223,130,33
87,228,128,33
87,247,121,33
87,250,120,33
87,253,119,33
87,256,118,33
87,259,117,33
87,262,116,33
87,275,112,33
87,282,110,33
87,289,108,33
87,300,105,33
87,304,104,33
87,308,103,33
87,320,100,33
88,229,127,33
88,237,124,33
88,248,120,33
88,251,119,33
88,254,118,33
88,257,117,33
88,260,116,33
88,273,112,33
88,280,110,33
88,287,108,33
88,294,106,33
88,298,105,33
88,302,104,33
88,318,100,33
89,230,126,33
89,235,124,33
89,238,123,33
89,268,113,33
89,271,112,33
89,278,110,33
89,285,108,33
89,292,106,33
89,296,105,33
90,218,130,33
90,223,128,33
90,228,126,33
90,236,123,33
90,239,122,33
90,266,113,33
90,269,112,33
90,276,110,33
90,283,108,33
90,290,106,33
91,224,127,33
91,237,122,33
91,240,121,33
91,264,113,33
91,267,112,33
91,274,110,33
91,281,108,33
91,288,106,33
91,311,100,33
92,222,127,33
92,230,124,33
92,238,121,33
92,241,120,33
92,244,119,33
92,259,114,33
92,262,113,33
92,272,110,33
92,279,108,33
92,286,106,33
92,297,103,33
92,309,100,33
93,213,130,33
93,218,128,33
93,223,126,33
93,231,123,33
93,239,120,33
93,242,119,33
93,245,118,33
93,248,117,33
93,251,116,33
93,254,115,33
93,257,114,33
93,260,113,33
93,270,110,33
93,277,108,33
93,284,106,33
93,295,103,33
93,307,100,33
94,219,127,33
94,232,122,33
94,243,118,33
94,246,117,33
94,249,116,33
94,252,115,33
94,255,114,33
94,265,111,33
94,268,110,33
94,275,108,33
94,282,106,33
94,293,103,33
94,305,100,33
95,210,130,33
95,225,124,33
95,230,122,33
95,233,121,33
95,263,111,33
95,266,110,33
95,273,108,33
95,280,106,33
95,291,103,33
95,303,100,33
96,213,128,33
96,218,126,33
96,226,123,33
96,234,120,33
96,237,119,33
96,258,112,33
96,261,111,33
96,271,108,33
96,278,106,33
96,289,103,33
96,301,100,33
97,214,127,33
97,227,122,33
97,235,119,33
97,238,118,33
97,241,117,33
97,253,113,33
97,256,112,33
97,266,109,33
97,269,108,33
97,276,106,33
97,287,103,33
98,205,130,33
98,210,128,33
98,215,126,33
98,220,124,33
98,225,122,33
98,228,121,33
98,239,117,33
98,242,116,33
98,245,115,33
98,248,114,33
98,251,113,33
98,254,112,33
98,264,109,33
98,271,107,33
98,278,105,33
98,285,103,33
99,211,127,33
99,221,123,33
99,229,120,33
99,259,110,33
99,262,109,33
99,269,107,33
99,276,105,33
